[0.0, 0.0, 0.0, 0.0, 0.0, 4294967.5, 1613292636.8267725, 0]
[0.0, 0.0, 0.0, 0.0, 0.0, 4294967.5, 1613292638.829571, 0]
[0.0, 0.0, 0.0, 0.0, 0.0, 4294967.5, 1613292640.8375516, 0]
[0.0, 0.0, 0.0, 0.0, 0.0, 4294967.5, 1613292642.8406327, 0]
[0.0, 0.0, 0.0, 0.0, 0.0, 4294967.5, 1613292667.1104348, 0]
[0.0, 0.0, 0.0, 0.0, 0.0, 4294967.5, 1613292669.113966, 0]
[0.0, 0.0, 0.0, 0.0, 0.0, 4294967.5, 1613292671.1166446, 0]
[0.0, 0.0, 0.0, 0.0, 0.0, 4294967.5, 1613292673.1198535, 0]
[0.0, 0.0, 0.0, 0.0, 0.0, 4294967.5, 1613292675.127461, 0]
[0.0, 0.0, 0.0, 0.0, 0.0, 4294967.5, 1613292677.1306198, 0]
[0.0, 0.0, 0.0, 0.0, 0.0, 4294967.5, 1613292679.1366134, 0]
[0.0, 0.0, 0.0, 0.0, 0.0, 4294967.5, 1613292681.1401677, 0]
[0.0, 0.0, 0.0, 0.0, 0.0, 4294967.5, 1613292683.143716, 0]
[0.0, 0.0, 0.0, 0.0, 0.0, 4294967.5, 1613292685.1476474, 0]
